0002012011
0002022011
0002032011
0002042011
0002072011
0002182010
0002192010
0002222010
0003022010
0003192012
0003292010
0006102004
0010122009
0010202009
0010262012
0011042009
0011062009
0012012009
0012041987
0012083252
0012122005
0012135308
0013126732
0015081981
0019730310
0021364567
0021374988
0021403236
0021438374
0021440646
0021442541
0022806156
0022806164
0023654666
0024122010
0025694212
0035456775
0035715985
0042561336
0076591050
0076593770
0076604233
0076604241
007660425x
0076604268
0076611841
007661395x
0076621367
0076625524
0076629449
0076632857
007664796x
0076651770
0076651851
0076651856
0076654583
0076656101
0076656659
0076659674
0077665500
0077665511
0077665522
0077665533
0077665544
0077665588
0077665599
007822702x
0078271495
007827150x
007828175x
0078281768
0078281784
0078287324
0078297567
0078298148
0078298156
0078298164
0078298172
0078298180
0078298199
0078298202
0078308291
0078308615
007845476x
0078454778
0078454786
0078454794
0078454808
0078454816
0078454824
0078456053
0078458137
007846570x
0078600154
0078600472
0078600499
0078600510
0078600529
0078600537
0078603072
0078603501
007860351x
0078605741
0078606209
0078606551
007860661x
0078606934
0078606969
0078607027
0078607124
0078607191
0078609763
0078609801
0078609836
0078612160
0078612195
0078612209
0078612357
0078612578
0078613035
0078613337
0078614589
0078614872
0078615216
007861581x
007861614x
0078616166
0078616182
0078616204
0078616255
0078616271
0078616441
0078616603
007861662x
0078616646
0078616662
0078616689
0078616700
0078616727
0078616824
0078617006
0078617022
0078617049
0078617340
0078617375
0078617405
007861743x
0078617464
0078617499
0078617529
0078617553
0078617588
0078617618
0078617650
0078617677
0078617707
0078617731
0078617766
0078617790
0078617839
0078617855
0078617871
0078617898
007861790x
007861791x
0078617987
0078618770
0078618789
007861990x
007862003x
0078650178
0078652693
0078652731
0078652774
0078652812
0078652871
007865288x
0078654017
0078654750
0078654785
0078654807
0078655412
007865605x
0078656222
0078656265
0078656923
0078659493
007865992x
0078662575
0078664187
0078664233
0078664276
0078665809
0078675626
0078675642
0078676266
0078677629
0078678129
0078678498
007867851x
0078678552
0078681588
007868174x
0078681766
0078681782
0078682193
0078682959
0078685451
0078685508
0078685524
0078685540
0078687101
0078687128
0078687195
0078688167
0078688299
0078688736
0078688744
0078688752
0078688760
0078689686
007869034x
0078690358
0078690366
0078690374
0078690579
0078690706
0078690811
0078692512
0078693144
0078693160
0078693861
007869387x
0078693896
0078693918
0078694507
0078694639
0078695007
0078695058
0078695074
0078695104
0078697603
0078697611
007869762x
0078698006
0078703298
0078726549
0078728258
0078728487
0078729133
0078729890
0078735556
0078735572
0078735599
0078736897
0078738180
0078738181
0078738199
0078738229
0078738237
007873827x
007873830x
0078738318
0078738377
0078740428
0078740436
0078740460
0078740479
0078740509
0078741726
0078741831
007874184x
0078741858
007874215x
0078742471
007874253x
007874255x
007874257x
0078742722
0078743508
0078743591
0078743699
0078743893
0078744121
0078744202
0078744350
0078744636
0078744776
0078745179
0078745195
0078745217
0078745233
007874525x
0078745276
0078745292
0078745748
0078745780
0078745784
0078745802
0078746310
0078746361
007874637x
0078746515
0078746752
0078746779
0078747066
0078747627
0078747643
007874766x
0078747686
0078747716
0078747732
0078747759
0078747937
0078747996
0078748011
0078748283
0078750202
0078750472
0078750504
0078750517
0078752221
0078756308
007875660x
0078756626
0078756642
0078757134
0078757150
0078757428
0078757444
0078757460
0078758432
0078758513
0078758769
0078760267
0078764289
0078764297
0078764300
0078767806
0078767954
007876809x
0078768349
0078768357
0078768365
0078769043
007876971x
007876973x
0078769975
0078771285
0078771633
0078772580
0078772613
0078774004
0078774055
0078774497
007877449x
0078775140
0078777127
0078777151
0078777186
0078777372
0078777836
0078777844
0078777852
007877800x
0078778026
0078778066
0078778069
0078778085
0078778115
007877814x
0078778166
0078778182
0078778204
0078778220
0078778247
0078778263
007877828x
0078778301
0078778328
0078778344
0078778360
0078778387
0078778409
0078778425
0078778441
0078778468
007877846x
0078778484
0078778506
0078778522
0078778549
0078778565
0078778646
0078778808
0078779534
0078779626
0078779758
0078779766
0078779774
0078779782
0078779790
0078779804
0078779812
0078781809
0078781817
0078781825
0078781833
0078782031
0078785337
0078786051
0078786770
0078786789
0078786797
0078786894
0078786975
0078786983
0078786991
0078787009
0078787351
007878736x
0078787378
0078791383
0078791405
0078791421
0078791448
0078791464
0078791480
0078792843
0078792851
007879286x
0078792916
0078792924
0078792932
0078792940
0078793025
0078793033
0078793041
007879305x
0078796059
0078796237
0078796245
0078796253
0078796296
0078796318
0078797845
0078797859
0078799120
0078799147
0078799813
0078799821
007879983x
0078799848
0078799880
0078799899
0078799910
0078799945
0078799953
0078799961
007879997x
0078799988
0078800439
0078800471
007880048x
0078800498
0078800501
0078801532
0078802474
0078802482
0078802644
0078802652
0078802660
0078802679
0078802849
0078802997
0078803098
0078803101
0078804728
0078804744
0078804760
0078804795
0078804817
0078804833
0078804868
0078804884
0078804906
0078805058
0078805694
0078805716
0078805732
0078805775
0078806623
0078806631
0078807220
0078807239
007880776x
0078807786
0078807808
0078807824
0078808074
0078810868
0078810884
0078810906
007881099x
0078882109
0078882133
0078883261
0078883296
0078883326
0078883350
0078883385
0078883415
007888358x
0078883598
0078883601
0078883660
0078884683
0078884802
0078884829
0078884845
0078884861
0078884888
007888490x
0078884993
0078885000
0078885027
0078885159
007888523x
0078885272
0078885299
0078887038
0078887046
0078887054
0078887666
0078887682
0078887704
0078887720
0078887747
0078887763
007888778x
0078888921
0078889464
0078889677
0078893771
0078897661
0078901359
0078901367
0078905443
0078905451
007890546x
007891003x
0078912504
0078912520
0078913284
0078922445
0078922453
0078922550
0078922569
0078922666
0078922674
0078923166
0078923379
0078923387
0078923395
0078923468
0078923476
0078923484
0078927404
0078927447
0078929288
007892930x
0078929385
0078929423
0078933617
0078933641
0078933862
0078935679
0078936152
0078937779
0078938678
0078938767
007894094x
0078942176
0078945801
007895312x
0078953626
0078953634
0078953642
0078954657
0078956676
0078958393
0098458137
0098600510
0098654726
0098654750
0108607027
0108607191
013845476x
0138454778
0138454786
0138454794
0138454808
0138454816
0138454824
0148664187
0158600510
0178600537
0178606934
0178606969
0178606993
0178745748
0217511447
0218378151
0301379077
0310402656
0328664233
0328887038
0328887046
0328887054
0338664187
037845476x
0378454778
0378454786
0378454794
0378454808
0378454816
0378454824
048845476x
0488454778
0488454786
0488454794
0488454808
0488454816
0488454824
1234588458
2222555555
3333366666
8888888555
9780078796
9834092339
